15
KITT			-8.73		4.98		6.11
Mechagodzilla	-6.34		-8.93		8.76
T-1000		6.94		-0.44		8.75
R2-D2			-3.06		-9.37		5.69
C-3PO			-3.30		0.24		4.92
Bishop		-0.36		5.37		3.35
HAL-9000		4.12		-6.75		6.70
RoboCop		1.00		0.69		4.43
Megatron		-7.18		7.88		6.44
Wall-E		3.05		3.74		3.02
Optimus-Prime	-9.19		5.19		2.14
Mega-Man		2.47		0.85		2.94
K-9			-8.09		9.05		6.05
Terminator		4.61		5.84		6.50
GLaDOS 		-8.92		-6.91		7.52
50
-11.84	-10.44
0.31		17.77
-11.81	8.42
-17.01	-12.39
16.30		0.89
11.63		-19.24
6.14		-6.52
-7.79		-11.25
7.31		-6.73
-9.38		-5.53
-5.91		-0.65
-3.10		-7.44
-1.93		-8.16
4.67		2.79
9.34		-2.61
-0.85		7.32
-4.07		2.47
8.23		8.05
9.25		6.37
-3.61		0.21
-0.01		7.73
-2.80		-2.36
-5.12		9.23
-7.63		-9.01
3.52		-2.49
-4.47		0.94
-0.26		12.29
11.05		10.15
9.66		-7.92
-2.09		4.98
8.04		-4.68
-8.93		-3.86
-8.58		17.32
18.99		8.01
-2.84		-0.02
7.26		8.18
2.89		-0.34
-4.81		-15.00
16.03		-5.07
14.61		-4.09
1.85		7.69
-14.48	13.76
8.34		5.67
-7.27		-7.99
-15.86	-7.11
-0.34		8.13
17.86		-18.03
2.02		-3.36
1.83		-13.64
-0.90		10.18
#END